KNN Performance: {
    'f1_score': [0.7365269461077845, 0.6876876876876877, 0.7057057057057057, 0.7455089820359282, 0.7567567567567567, 0.6906906906906907, 0.688622754491018, 0.7207207207207207, 0.7147147147147147, 0.7275449101796408, 0.6996996996996997, 0.7387387387387387, 0.7604790419161677, 0.7027027027027027, 0.6996996996996997], 
    'accuracy': [0.7365269461077845, 0.6876876876876877, 0.7057057057057057, 0.7455089820359282, 0.7567567567567568, 0.6906906906906907, 0.688622754491018, 0.7207207207207207, 0.7147147147147147, 0.7275449101796407, 0.6996996996996997, 0.7387387387387387, 0.7604790419161677, 0.7027027027027027, 0.6996996996996997]}

SVM Performance: {
    'f1_score': [0.7365269461077845, 0.6876876876876877, 0.7057057057057057, 0.7455089820359282, 0.7567567567567567, 0.6906906906906907, 0.688622754491018, 0.7207207207207207, 0.7147147147147147, 0.7275449101796408, 0.6996996996996997, 0.7387387387387387, 0.7604790419161677, 0.7027027027027027, 0.6996996996996997], 
    'accuracy': [0.7365269461077845, 0.6876876876876877, 0.7057057057057057, 0.7455089820359282, 0.7567567567567568, 0.6906906906906907, 0.688622754491018, 0.7207207207207207, 0.7147147147147147, 0.7275449101796407, 0.6996996996996997, 0.7387387387387387, 0.7604790419161677, 0.7027027027027027, 0.6996996996996997]}

Decision Tree Performance: {
    'f1_score': [0.7365269461077845, 0.6876876876876877, 0.7057057057057057, 0.7455089820359282, 0.7567567567567567, 0.6906906906906907, 0.688622754491018, 0.7207207207207207, 0.7147147147147147, 0.7275449101796408, 0.6996996996996997, 0.7387387387387387, 0.7604790419161677, 0.7027027027027027, 0.6996996996996997], 
    'accuracy': [0.7365269461077845, 0.6876876876876877, 0.7057057057057057, 0.7455089820359282, 0.7567567567567568, 0.6906906906906907, 0.688622754491018, 0.7207207207207207, 0.7147147147147147, 0.7275449101796407, 0.6996996996996997, 0.7387387387387387, 0.7604790419161677, 0.7027027027027027, 0.6996996996996997]}

Random Forest Performance: {
    'f1_score': [0.7365269461077845, 0.6876876876876877, 0.7057057057057057, 0.7455089820359282, 0.7567567567567567, 0.6906906906906907, 0.688622754491018, 0.7207207207207207, 0.7147147147147147, 0.7275449101796408, 0.6996996996996997, 0.7387387387387387, 0.7604790419161677, 0.7027027027027027, 0.6996996996996997], 
    'accuracy': [0.7365269461077845, 0.6876876876876877, 0.7057057057057057, 0.7455089820359282, 0.7567567567567568, 0.6906906906906907, 0.688622754491018, 0.7207207207207207, 0.7147147147147147, 0.7275449101796407, 0.6996996996996997, 0.7387387387387387, 0.7604790419161677, 0.7027027027027027, 0.6996996996996997]}